1246288,
1264038,
1237648,
1240231,
1255788,
1221831,
1274882,
1255148,
1255607,
1257265,
1259669,
1261200,
1263334,
1264460,
1253209,
1257208,
1236943,
1239519,
1239596,
1259487,
1218655,
1261454,
1262313,
1262450,
1224463,
1243550,
1243578,
1243757,
1225851,
1244542,
1264594,
1244706,
1244927,
1244939,
1265105,
1266505,
1267072,
1271881,
1249760,
1255390,
1255209,
1255251,
1233753,
1205356,
1220875,
1248828,
1227570,
1201205,
1233040,
1243141,
1236114,
1240455,
1245769,
1255639,
1274938,
1258935,
1236102,
1252836,
1237626,
1262863,
1262961,
1244141,
1266475,
1266646,
1247932,
1233057,
1269187,
1270502,
1255339,
1255353,
1230701,
1237014,
1212712,
1096495,
1208022,
1212657,
1217010,
1202694,
1242327,
1248743,
1066359,
1228954,
1239853,
1241327,
1233189,
1116299,
1257585,
1210571,
1255099,
1197206,
1273978,
1262250,
1149255,
1236960,
1240249,
1240374,
1240510,
1240616,
1240601,
1240638,
1243479,
1255579,
1256578,
1238490,
1258834,
1258885,
1262640,
1251187,
1257227,
1255188,
1232526,
1258919,
1255198,
1206454,
1226731,
1240943,
1215739,
1226843,
1264256,
1256344,
1263083,
1112279,
1238362,
1249480,
884047,
1236262,
1216760,
1243823,
1240952,
1248746,
1249759,
1254076,
1238176,
1251255,
1260812,
1217353,
1243671,
1125213,
1232592,
1255214,
1171419,
1203876,
1223366,
1260640,
1245093,
1256955,
1048210,
1238289,
1253274,
1256749,
1238385,
1239871,
